110000000000000000000000000000
010111111111111111111110111110
010101000000000000000010000100
011111111111111111111011110100
000000000000000000001000000100
011111111111111111111111111110
010000000000000000000000000000
010111111111111111111111111110
011100000000000000000000000010
000000011111111111111111111110
011110010000000000000000000000
010100110111011101110111011100
010101100101110111011101110110
010101000100000000000000000000
010101011111111111111111111110
010101000000000000000000000010
010111011111111111111111111110
010000010000000000000000000000
011111111111111111111111111110
000000000100000000000000000000
011111111111111111111111111110
010000000000000000000000000010
010100000000000000000000000010
010111111111111111111111111110
010000000000000000000000000000
011111111111111111111111111110
000000000000000000000000000010
011111111111111111111111111110
000000000000000000000000000010
000000000000000000000000000011